function abs_si = abs_si_data()
% see /Users/steve/CloudStation/MATLAB/dev/xray/xds/dat/henke_convert.m
abs_si = [...
	4.1328e-01, 3.0084e-01;...
	4.1397e-01, 3.0221e-01;...
	4.1466e-01, 3.0360e-01;...
	4.1536e-01, 3.0499e-01;...
	4.1605e-01, 3.0640e-01;...
	4.1675e-01, 3.0781e-01;...
	4.1746e-01, 3.0923e-01;...
	4.1816e-01, 3.1067e-01;...
	4.1887e-01, 3.1211e-01;...
	4.1957e-01, 3.1356e-01;...
	4.2029e-01, 3.1503e-01;...
	4.2100e-01, 3.1650e-01;...
	4.2171e-01, 3.1798e-01;...
	4.2243e-01, 3.1948e-01;...
	4.2315e-01, 3.2098e-01;...
	4.2388e-01, 3.2250e-01;...
	4.2460e-01, 3.2403e-01;...
	4.2533e-01, 3.2556e-01;...
	4.2606e-01, 3.2711e-01;...
	4.2680e-01, 3.2867e-01;...
	4.2753e-01, 3.3024e-01;...
	4.2827e-01, 3.3182e-01;...
	4.2901e-01, 3.3341e-01;...
	4.2975e-01, 3.3501e-01;...
	4.3050e-01, 3.3663e-01;...
	4.3125e-01, 3.3825e-01;...
	4.3200e-01, 3.3989e-01;...
	4.3275e-01, 3.4154e-01;...
	4.3351e-01, 3.4320e-01;...
	4.3427e-01, 3.4488e-01;...
	4.3503e-01, 3.4656e-01;...
	4.3580e-01, 3.4826e-01;...
	4.3656e-01, 3.4997e-01;...
	4.3733e-01, 3.5169e-01;...
	4.3811e-01, 3.5342e-01;...
	4.3888e-01, 3.5517e-01;...
	4.3966e-01, 3.5693e-01;...
	4.4044e-01, 3.5870e-01;...
	4.4122e-01, 3.6049e-01;...
	4.4201e-01, 3.6228e-01;...
	4.4280e-01, 3.6409e-01;...
	4.4359e-01, 3.6592e-01;...
	4.4439e-01, 3.6776e-01;...
	4.4519e-01, 3.6961e-01;...
	4.4599e-01, 3.7147e-01;...
	4.4679e-01, 3.7335e-01;...
	4.4760e-01, 3.7525e-01;...
	4.4841e-01, 3.7715e-01;...
	4.4922e-01, 3.7907e-01;...
	4.5003e-01, 3.8101e-01;...
	4.5085e-01, 3.8296e-01;...
	4.5167e-01, 3.8492e-01;...
	4.5250e-01, 3.8690e-01;...
	4.5332e-01, 3.8889e-01;...
	4.5415e-01, 3.9090e-01;...
	4.5499e-01, 3.9293e-01;...
	4.5582e-01, 3.9496e-01;...
	4.5666e-01, 3.9702e-01;...
	4.5751e-01, 3.9909e-01;...
	4.5835e-01, 4.0117e-01;...
	4.5920e-01, 4.0327e-01;...
	4.6005e-01, 4.0539e-01;...
	4.6091e-01, 4.0752e-01;...
	4.6177e-01, 4.0967e-01;...
	4.6263e-01, 4.1184e-01;...
	4.6349e-01, 4.1402e-01;...
	4.6436e-01, 4.1622e-01;...
	4.6523e-01, 4.1843e-01;...
	4.6611e-01, 4.2066e-01;...
	4.6698e-01, 4.2291e-01;...
	4.6786e-01, 4.2518e-01;...
	4.6875e-01, 4.2747e-01;...
	4.6964e-01, 4.2977e-01;...
	4.7053e-01, 4.3209e-01;...
	4.7142e-01, 4.3443e-01;...
	4.7232e-01, 4.3678e-01;...
	4.7322e-01, 4.3916e-01;...
	4.7413e-01, 4.4155e-01;...
	4.7504e-01, 4.4396e-01;...
	4.7595e-01, 4.4639e-01;...
	4.7686e-01, 4.4884e-01;...
	4.7778e-01, 4.5131e-01;...
	4.7870e-01, 4.5380e-01;...
	4.7963e-01, 4.5631e-01;...
	4.8056e-01, 4.5883e-01;...
	4.8149e-01, 4.6138e-01;...
	4.8243e-01, 4.6395e-01;...
	4.8337e-01, 4.6654e-01;...
	4.8431e-01, 4.6915e-01;...
	4.8526e-01, 4.7178e-01;...
	4.8621e-01, 4.7443e-01;...
	4.8717e-01, 4.7710e-01;...
	4.8813e-01, 4.7979e-01;...
	4.8909e-01, 4.8251e-01;...
	4.9006e-01, 4.8525e-01;...
	4.9103e-01, 4.8801e-01;...
	4.9200e-01, 4.9079e-01;...
	4.9298e-01, 4.9359e-01;...
	4.9396e-01, 4.9642e-01;...
	4.9495e-01, 4.9927e-01;...
	4.9594e-01, 5.0214e-01;...
	4.9693e-01, 5.0504e-01;...
	4.9793e-01, 5.0796e-01;...
	4.9893e-01, 5.1090e-01;...
	4.9994e-01, 5.1387e-01;...
	5.0095e-01, 5.1687e-01;...
	5.0196e-01, 5.1988e-01;...
	5.0298e-01, 5.2292e-01;...
	5.0400e-01, 5.2599e-01;...
	5.0503e-01, 5.2908e-01;...
	5.0606e-01, 5.3220e-01;...
	5.0709e-01, 5.3535e-01;...
	5.0813e-01, 5.3852e-01;...
	5.0918e-01, 5.4172e-01;...
	5.1022e-01, 5.4494e-01;...
	5.1128e-01, 5.4819e-01;...
	5.1233e-01, 5.5147e-01;...
	5.1339e-01, 5.5478e-01;...
	5.1446e-01, 5.5811e-01;...
	5.1553e-01, 5.6147e-01;...
	5.1660e-01, 5.6486e-01;...
	5.1768e-01, 5.6828e-01;...
	5.1876e-01, 5.7173e-01;...
	5.1985e-01, 5.7521e-01;...
	5.2094e-01, 5.7872e-01;...
	5.2204e-01, 5.8226e-01;...
	5.2314e-01, 5.8582e-01;...
	5.2425e-01, 5.8942e-01;...
	5.2536e-01, 5.9305e-01;...
	5.2647e-01, 5.9671e-01;...
	5.2759e-01, 6.0041e-01;...
	5.2872e-01, 6.0413e-01;...
	5.2985e-01, 6.0789e-01;...
	5.3098e-01, 6.1168e-01;...
	5.3212e-01, 6.1550e-01;...
	5.3327e-01, 6.1936e-01;...
	5.3441e-01, 6.2325e-01;...
	5.3557e-01, 6.2717e-01;...
	5.3673e-01, 6.3113e-01;...
	5.3789e-01, 6.3513e-01;...
	5.3906e-01, 6.3916e-01;...
	5.4024e-01, 6.4322e-01;...
	5.4142e-01, 6.4732e-01;...
	5.4260e-01, 6.5146e-01;...
	5.4379e-01, 6.5563e-01;...
	5.4499e-01, 6.5985e-01;...
	5.4619e-01, 6.6409e-01;...
	5.4739e-01, 6.6838e-01;...
	5.4860e-01, 6.7271e-01;...
	5.4982e-01, 6.7708e-01;...
	5.5104e-01, 6.8148e-01;...
	5.5227e-01, 6.8592e-01;...
	5.5350e-01, 6.9041e-01;...
	5.5474e-01, 6.9493e-01;...
	5.5598e-01, 6.9950e-01;...
	5.5723e-01, 7.0411e-01;...
	5.5849e-01, 7.0876e-01;...
	5.5975e-01, 7.1346e-01;...
	5.6101e-01, 7.1819e-01;...
	5.6229e-01, 7.2297e-01;...
	5.6356e-01, 7.2779e-01;...
	5.6485e-01, 7.3265e-01;...
	5.6614e-01, 7.3757e-01;...
	5.6743e-01, 7.4253e-01;...
	5.6873e-01, 7.4754e-01;...
	5.7004e-01, 7.5259e-01;...
	5.7136e-01, 7.5768e-01;...
	5.7268e-01, 7.6283e-01;...
	5.7400e-01, 7.6803e-01;...
	5.7533e-01, 7.7327e-01;...
	5.7667e-01, 7.7856e-01;...
	5.7801e-01, 7.8390e-01;...
	5.7937e-01, 7.8930e-01;...
	5.8072e-01, 7.9474e-01;...
	5.8209e-01, 8.0024e-01;...
	5.8346e-01, 8.0579e-01;...
	5.8483e-01, 8.1139e-01;...
	5.8621e-01, 8.1705e-01;...
	5.8760e-01, 8.2276e-01;...
	5.8900e-01, 8.2853e-01;...
	5.9040e-01, 8.3435e-01;...
	5.9181e-01, 8.4023e-01;...
	5.9323e-01, 8.4616e-01;...
	5.9465e-01, 8.5215e-01;...
	5.9608e-01, 8.5821e-01;...
	5.9751e-01, 8.6432e-01;...
	5.9896e-01, 8.7049e-01;...
	6.0041e-01, 8.7672e-01;...
	6.0187e-01, 8.8300e-01;...
	6.0333e-01, 8.8936e-01;...
	6.0480e-01, 8.9578e-01;...
	6.0628e-01, 9.0225e-01;...
	6.0777e-01, 9.0880e-01;...
	6.0926e-01, 9.1541e-01;...
	6.1076e-01, 9.2208e-01;...
	6.1227e-01, 9.2882e-01;...
	6.1378e-01, 9.3564e-01;...
	6.1531e-01, 9.4252e-01;...
	6.1684e-01, 9.4946e-01;...
	6.1838e-01, 9.5648e-01;...
	6.1992e-01, 9.6357e-01;...
	6.2147e-01, 9.7072e-01;...
	6.2304e-01, 9.7795e-01;...
	6.2461e-01, 9.8525e-01;...
	6.2618e-01, 9.9262e-01;...
	6.2777e-01, 1.0001e+00;...
	6.2936e-01, 1.0076e+00;...
	6.3096e-01, 1.0152e+00;...
	6.3257e-01, 1.0229e+00;...
	6.3419e-01, 1.0306e+00;...
	6.3582e-01, 1.0384e+00;...
	6.3745e-01, 1.0464e+00;...
	6.3909e-01, 1.0543e+00;...
	6.4075e-01, 1.0624e+00;...
	6.4241e-01, 1.0706e+00;...
	6.4407e-01, 1.0788e+00;...
	6.4575e-01, 1.0871e+00;...
	6.4744e-01, 1.0956e+00;...
	6.4913e-01, 1.1041e+00;...
	6.5084e-01, 1.1127e+00;...
	6.5255e-01, 1.1213e+00;...
	6.5427e-01, 1.1301e+00;...
	6.5600e-01, 1.1390e+00;...
	6.5774e-01, 1.1480e+00;...
	6.5949e-01, 1.1570e+00;...
	6.6125e-01, 1.1662e+00;...
	6.6302e-01, 1.1754e+00;...
	6.6479e-01, 1.1848e+00;...
	6.6658e-01, 1.1942e+00;...
	6.6838e-01, 1.2038e+00;...
	6.7018e-01, 1.2135e+00;...
	6.7200e-01, 1.2232e+00;...
	6.7383e-01, 1.2331e+00;...
	6.7566e-01, 1.2431e+00;...
	6.7751e-01, 1.2531e+00;...
	6.7937e-01, 1.2633e+00;...
	6.8123e-01, 1.2736e+00;...
	6.8311e-01, 1.2841e+00;...
	6.8500e-01, 1.2946e+00;...
	6.8689e-01, 1.3052e+00;...
	6.8880e-01, 1.3160e+00;...
	6.9072e-01, 1.3269e+00;...
	6.9265e-01, 1.3379e+00;...
	6.9459e-01, 1.3490e+00;...
	6.9654e-01, 1.3603e+00;...
	6.9850e-01, 1.3717e+00;...
	7.0048e-01, 1.3832e+00;...
	7.0246e-01, 1.3948e+00;...
	7.0446e-01, 1.4066e+00;...
	7.0646e-01, 1.4185e+00;...
	7.0848e-01, 1.4306e+00;...
	7.1051e-01, 1.4428e+00;...
	7.1255e-01, 1.4551e+00;...
	7.1461e-01, 1.4675e+00;...
	7.1667e-01, 1.4801e+00;...
	7.1875e-01, 1.4929e+00;...
	7.2084e-01, 1.5058e+00;...
	7.2294e-01, 1.5189e+00;...
	7.2505e-01, 1.5321e+00;...
	7.2718e-01, 1.5454e+00;...
	7.2932e-01, 1.5589e+00;...
	7.3147e-01, 1.5726e+00;...
	7.3363e-01, 1.5864e+00;...
	7.3581e-01, 1.6004e+00;...
	7.3800e-01, 1.6146e+00;...
	7.4020e-01, 1.6289e+00;...
	7.4242e-01, 1.6434e+00;...
	7.4465e-01, 1.6581e+00;...
	7.4689e-01, 1.6729e+00;...
	7.4915e-01, 1.6880e+00;...
	7.5142e-01, 1.7032e+00;...
	7.5370e-01, 1.7186e+00;...
	7.5600e-01, 1.7342e+00;...
	7.5831e-01, 1.7499e+00;...
	7.6064e-01, 1.7659e+00;...
	7.6298e-01, 1.7821e+00;...
	7.6533e-01, 1.7984e+00;...
	7.6770e-01, 1.8150e+00;...
	7.7009e-01, 1.8317e+00;...
	7.7249e-01, 1.8487e+00;...
	7.7490e-01, 1.8659e+00;...
