function abs_air = abs_air_data()
% see /Users/steve/CloudStation/MATLAB/dev/xray/xds/dat/henke_convert.m
abs_air = [...
	4.1328e-01, 3.6020e-05;...
	4.1397e-01, 3.6106e-05;...
	4.1466e-01, 3.6192e-05;...
	4.1536e-01, 3.6279e-05;...
	4.1605e-01, 3.6367e-05;...
	4.1675e-01, 3.6455e-05;...
	4.1746e-01, 3.6544e-05;...
	4.1816e-01, 3.6634e-05;...
	4.1887e-01, 3.6725e-05;...
	4.1957e-01, 3.6816e-05;...
	4.2029e-01, 3.6907e-05;...
	4.2100e-01, 3.7000e-05;...
	4.2171e-01, 3.7093e-05;...
	4.2243e-01, 3.7186e-05;...
	4.2315e-01, 3.7281e-05;...
	4.2388e-01, 3.7376e-05;...
	4.2460e-01, 3.7472e-05;...
	4.2533e-01, 3.7568e-05;...
	4.2606e-01, 3.7666e-05;...
	4.2680e-01, 3.7764e-05;...
	4.2753e-01, 3.7863e-05;...
	4.2827e-01, 3.7962e-05;...
	4.2901e-01, 3.8062e-05;...
	4.2975e-01, 3.8163e-05;...
	4.3050e-01, 3.8265e-05;...
	4.3125e-01, 3.8367e-05;...
	4.3200e-01, 3.8471e-05;...
	4.3275e-01, 3.8575e-05;...
	4.3351e-01, 3.8680e-05;...
	4.3427e-01, 3.8785e-05;...
	4.3503e-01, 3.8892e-05;...
	4.3580e-01, 3.8999e-05;...
	4.3656e-01, 3.9107e-05;...
	4.3733e-01, 3.9216e-05;...
	4.3811e-01, 3.9326e-05;...
	4.3888e-01, 3.9436e-05;...
	4.3966e-01, 3.9548e-05;...
	4.4044e-01, 3.9660e-05;...
	4.4122e-01, 3.9773e-05;...
	4.4201e-01, 3.9887e-05;...
	4.4280e-01, 4.0002e-05;...
	4.4359e-01, 4.0118e-05;...
	4.4439e-01, 4.0234e-05;...
	4.4519e-01, 4.0352e-05;...
	4.4599e-01, 4.0470e-05;...
	4.4679e-01, 4.0590e-05;...
	4.4760e-01, 4.0710e-05;...
	4.4841e-01, 4.0831e-05;...
	4.4922e-01, 4.0954e-05;...
	4.5003e-01, 4.1077e-05;...
	4.5085e-01, 4.1201e-05;...
	4.5167e-01, 4.1326e-05;...
	4.5250e-01, 4.1452e-05;...
	4.5332e-01, 4.1579e-05;...
	4.5415e-01, 4.1707e-05;...
	4.5499e-01, 4.1837e-05;...
	4.5582e-01, 4.1967e-05;...
	4.5666e-01, 4.2098e-05;...
	4.5751e-01, 4.2230e-05;...
	4.5835e-01, 4.2363e-05;...
	4.5920e-01, 4.2498e-05;...
	4.6005e-01, 4.2633e-05;...
	4.6091e-01, 4.2770e-05;...
	4.6177e-01, 4.2907e-05;...
	4.6263e-01, 4.3046e-05;...
	4.6349e-01, 4.3186e-05;...
	4.6436e-01, 4.3327e-05;...
	4.6523e-01, 4.3469e-05;...
	4.6611e-01, 4.3612e-05;...
	4.6698e-01, 4.3756e-05;...
	4.6786e-01, 4.3902e-05;...
	4.6875e-01, 4.4049e-05;...
	4.6964e-01, 4.4197e-05;...
	4.7053e-01, 4.4346e-05;...
	4.7142e-01, 4.4496e-05;...
	4.7232e-01, 4.4648e-05;...
	4.7322e-01, 4.4801e-05;...
	4.7413e-01, 4.4955e-05;...
	4.7504e-01, 4.5110e-05;...
	4.7595e-01, 4.5267e-05;...
	4.7686e-01, 4.5425e-05;...
	4.7778e-01, 4.5584e-05;...
	4.7870e-01, 4.5745e-05;...
	4.7963e-01, 4.5907e-05;...
	4.8056e-01, 4.6070e-05;...
	4.8149e-01, 4.6235e-05;...
	4.8243e-01, 4.6401e-05;...
	4.8337e-01, 4.6568e-05;...
	4.8431e-01, 4.6737e-05;...
	4.8526e-01, 4.6908e-05;...
	4.8621e-01, 4.7079e-05;...
	4.8717e-01, 4.7252e-05;...
	4.8813e-01, 4.7427e-05;...
	4.8909e-01, 4.7603e-05;...
	4.9006e-01, 4.7781e-05;...
	4.9103e-01, 4.7960e-05;...
	4.9200e-01, 4.8141e-05;...
	4.9298e-01, 4.8323e-05;...
	4.9396e-01, 4.8507e-05;...
	4.9495e-01, 4.8692e-05;...
	4.9594e-01, 4.8879e-05;...
	4.9693e-01, 4.9067e-05;...
	4.9793e-01, 4.9257e-05;...
	4.9893e-01, 4.9449e-05;...
	4.9994e-01, 4.9643e-05;...
	5.0095e-01, 4.9838e-05;...
	5.0196e-01, 5.0034e-05;...
	5.0298e-01, 5.0233e-05;...
	5.0400e-01, 5.0433e-05;...
	5.0503e-01, 5.0635e-05;...
	5.0606e-01, 5.0839e-05;...
	5.0709e-01, 5.1045e-05;...
	5.0813e-01, 5.1252e-05;...
	5.0918e-01, 5.1461e-05;...
	5.1022e-01, 5.1672e-05;...
	5.1128e-01, 5.1885e-05;...
	5.1233e-01, 5.2100e-05;...
	5.1339e-01, 5.2317e-05;...
	5.1446e-01, 5.2535e-05;...
	5.1553e-01, 5.2756e-05;...
	5.1660e-01, 5.2979e-05;...
	5.1768e-01, 5.3203e-05;...
	5.1876e-01, 5.3430e-05;...
	5.1985e-01, 5.3658e-05;...
	5.2094e-01, 5.3889e-05;...
	5.2204e-01, 5.4122e-05;...
	5.2314e-01, 5.4357e-05;...
	5.2425e-01, 5.4594e-05;...
	5.2536e-01, 5.4833e-05;...
	5.2647e-01, 5.5074e-05;...
	5.2759e-01, 5.5318e-05;...
	5.2872e-01, 5.5564e-05;...
	5.2985e-01, 5.5812e-05;...
	5.3098e-01, 5.6062e-05;...
	5.3212e-01, 5.6315e-05;...
	5.3327e-01, 5.6569e-05;...
	5.3441e-01, 5.6827e-05;...
	5.3557e-01, 5.7086e-05;...
	5.3673e-01, 5.7348e-05;...
	5.3789e-01, 5.7613e-05;...
	5.3906e-01, 5.7880e-05;...
	5.4024e-01, 5.8149e-05;...
	5.4142e-01, 5.8421e-05;...
	5.4260e-01, 5.8696e-05;...
	5.4379e-01, 5.8973e-05;...
	5.4499e-01, 5.9253e-05;...
	5.4619e-01, 5.9535e-05;...
	5.4739e-01, 5.9820e-05;...
	5.4860e-01, 6.0108e-05;...
	5.4982e-01, 6.0399e-05;...
	5.5104e-01, 6.0692e-05;...
	5.5227e-01, 6.0988e-05;...
	5.5350e-01, 6.1287e-05;...
	5.5474e-01, 6.1588e-05;...
	5.5598e-01, 6.1893e-05;...
	5.5723e-01, 6.2201e-05;...
	5.5849e-01, 6.2511e-05;...
	5.5975e-01, 6.2825e-05;...
	5.6101e-01, 6.3141e-05;...
	5.6229e-01, 6.3461e-05;...
	5.6356e-01, 6.3784e-05;...
	5.6485e-01, 6.4110e-05;...
	5.6614e-01, 6.4439e-05;...
	5.6743e-01, 6.4771e-05;...
	5.6873e-01, 6.5107e-05;...
	5.7004e-01, 6.5446e-05;...
	5.7136e-01, 6.5788e-05;...
	5.7268e-01, 6.6134e-05;...
	5.7400e-01, 6.6483e-05;...
	5.7533e-01, 6.6835e-05;...
	5.7667e-01, 6.7191e-05;...
	5.7801e-01, 6.7550e-05;...
	5.7937e-01, 6.7914e-05;...
	5.8072e-01, 6.8280e-05;...
	5.8209e-01, 6.8651e-05;...
	5.8346e-01, 6.9025e-05;...
	5.8483e-01, 6.9403e-05;...
	5.8621e-01, 6.9785e-05;...
	5.8760e-01, 7.0171e-05;...
	5.8900e-01, 7.0560e-05;...
	5.9040e-01, 7.0954e-05;...
	5.9181e-01, 7.1352e-05;...
	5.9323e-01, 7.1753e-05;...
	5.9465e-01, 7.2159e-05;...
	5.9608e-01, 7.2569e-05;...
	5.9751e-01, 7.2983e-05;...
	5.9896e-01, 7.3402e-05;...
	6.0041e-01, 7.3825e-05;...
	6.0187e-01, 7.4252e-05;...
	6.0333e-01, 7.4684e-05;...
	6.0480e-01, 7.5120e-05;...
	6.0628e-01, 7.5561e-05;...
	6.0777e-01, 7.6006e-05;...
	6.0926e-01, 7.6456e-05;...
	6.1076e-01, 7.6911e-05;...
	6.1227e-01, 7.7371e-05;...
	6.1378e-01, 7.7835e-05;...
	6.1531e-01, 7.8305e-05;...
	6.1684e-01, 7.8779e-05;...
	6.1838e-01, 7.9257e-05;...
	6.1992e-01, 7.9740e-05;...
	6.2147e-01, 8.0223e-05;...
	6.2304e-01, 8.0712e-05;...
	6.2461e-01, 8.1206e-05;...
	6.2618e-01, 8.1705e-05;...
	6.2777e-01, 8.2211e-05;...
	6.2936e-01, 8.2723e-05;...
	6.3096e-01, 8.3241e-05;...
	6.3257e-01, 8.3765e-05;...
	6.3419e-01, 8.4295e-05;...
	6.3582e-01, 8.4830e-05;...
	6.3745e-01, 8.5372e-05;...
	6.3909e-01, 8.5919e-05;...
	6.4075e-01, 8.6473e-05;...
	6.4241e-01, 8.7033e-05;...
	6.4407e-01, 8.7599e-05;...
	6.4575e-01, 8.8171e-05;...
	6.4744e-01, 8.8750e-05;...
	6.4913e-01, 8.9335e-05;...
	6.5084e-01, 8.9927e-05;...
	6.5255e-01, 9.0525e-05;...
	6.5427e-01, 9.1131e-05;...
	6.5600e-01, 9.1743e-05;...
	6.5774e-01, 9.2362e-05;...
	6.5949e-01, 9.2988e-05;...
	6.6125e-01, 9.3622e-05;...
	6.6302e-01, 9.4262e-05;...
	6.6479e-01, 9.4910e-05;...
	6.6658e-01, 9.5566e-05;...
	6.6838e-01, 9.6229e-05;...
	6.7018e-01, 9.6899e-05;...
	6.7200e-01, 9.7578e-05;...
	6.7383e-01, 9.8264e-05;...
	6.7566e-01, 9.8958e-05;...
	6.7751e-01, 9.9661e-05;...
	6.7937e-01, 1.0037e-04;...
	6.8123e-01, 1.0109e-04;...
	6.8311e-01, 1.0182e-04;...
	6.8500e-01, 1.0255e-04;...
	6.8689e-01, 1.0330e-04;...
	6.8880e-01, 1.0405e-04;...
	6.9072e-01, 1.0481e-04;...
	6.9265e-01, 1.0559e-04;...
	6.9459e-01, 1.0637e-04;...
	6.9654e-01, 1.0716e-04;...
	6.9850e-01, 1.0796e-04;...
	7.0048e-01, 1.0877e-04;...
	7.0246e-01, 1.0959e-04;...
	7.0446e-01, 1.1042e-04;...
	7.0646e-01, 1.1125e-04;...
	7.0848e-01, 1.1210e-04;...
	7.1051e-01, 1.1296e-04;...
	7.1255e-01, 1.1383e-04;...
	7.1461e-01, 1.1471e-04;...
	7.1667e-01, 1.1561e-04;...
	7.1875e-01, 1.1651e-04;...
	7.2084e-01, 1.1742e-04;...
	7.2294e-01, 1.1835e-04;...
	7.2505e-01, 1.1928e-04;...
	7.2718e-01, 1.2023e-04;...
	7.2932e-01, 1.2119e-04;...
	7.3147e-01, 1.2217e-04;...
	7.3363e-01, 1.2315e-04;...
	7.3581e-01, 1.2415e-04;...
	7.3800e-01, 1.2516e-04;...
	7.4020e-01, 1.2618e-04;...
	7.4242e-01, 1.2721e-04;...
	7.4465e-01, 1.2826e-04;...
	7.4689e-01, 1.2933e-04;...
	7.4915e-01, 1.3040e-04;...
	7.5142e-01, 1.3149e-04;...
	7.5370e-01, 1.3259e-04;...
	7.5600e-01, 1.3371e-04;...
	7.5831e-01, 1.3484e-04;...
	7.6064e-01, 1.3599e-04;...
	7.6298e-01, 1.3715e-04;...
	7.6533e-01, 1.3833e-04;...
	7.6770e-01, 1.3952e-04;...
	7.7009e-01, 1.4073e-04;...
	7.7249e-01, 1.4195e-04;...
	7.7490e-01, 1.4319e-04;...
